28:120, 399, 152, 288, 172, 175, 176, 181, 182, 183, 200, 201, 207, 208, 210, 211, 212, 218, 220, 222, 103, 105, 110, 113, 121, 122, 123, 125
81:32, 12, 13, 14, 15, 17, 18, 19, 20, 21, 22, 23, 25, 28, 30, 31, 34, 36, 39, 43, 44, 46, 47, 49, 56, 59, 60, 68, 70, 75, 76, 77, 83, 85, 92, 95, 97, 111, 112, 114, 127, 128, 129, 133, 134, 136, 137, 138, 141, 147, 149, 153, 154, 156, 157, 158, 159, 160, 161, 165, 166, 167, 168, 169, 173, 177, 178, 191, 192, 195, 197, 209, 213, 214, 215, 216, 221, 224, 240, 241, 242
33:115, 390, 393, 394, 396, 397, 398, 402, 406, 279, 409, 420, 421, 422, 423, 433, 439, 440, 441, 442, 443, 448, 449, 451, 456, 457, 458, 461, 462, 463, 217, 100, 362
23:33, 131, 135, 155, 27, 29, 162, 163, 164, 170, 171, 298, 174, 179, 180, 189, 193, 194, 204, 205, 228, 109, 239
27:94, 130, 132, 140, 142, 143, 148, 150, 151, 35, 41, 42, 57, 190, 69, 203, 82, 87, 89, 90, 91, 93, 231, 233, 237, 243, 244
68:62, 256, 1, 2, 3, 4, 5, 6, 7, 8, 9, 10, 11, 259, 260, 257, 263, 264, 265, 266, 258, 268, 274, 275, 276, 277, 278, 280, 261, 40, 48, 50, 54, 58, 61, 63, 65, 328, 73, 74, 329, 330, 331, 332, 459, 460, 86, 88, 219, 479, 96, 481, 482, 99, 484, 493, 494, 372, 245, 246, 247, 248, 250, 251, 252, 253, 254, 255
30:26, 262, 267, 269, 270, 271, 16, 144, 145, 272, 273, 24, 37, 38, 51, 53, 55, 64, 67, 326, 71, 72, 327, 78, 334, 80, 81, 84, 483, 486
24:226, 0, 146, 287, 297, 299, 300, 185, 187, 188, 196, 198, 199, 206, 225, 227, 230, 232, 106, 107, 234, 235, 236, 238
87:126, 281, 282, 333, 335, 336, 337, 338, 339, 340, 341, 342, 343, 344, 345, 346, 347, 348, 349, 350, 351, 352, 353, 354, 355, 356, 357, 358, 359, 360, 361, 363, 364, 365, 366, 367, 368, 369, 370, 371, 374, 391, 392, 407, 410, 411, 412, 413, 414, 415, 416, 417, 418, 419, 424, 430, 435, 450, 455, 464, 465, 466, 467, 468, 469, 470, 471, 472, 473, 474, 475, 476, 477, 478, 480, 485, 487, 488, 489, 490, 491, 492, 495, 496, 497, 498, 499
89:118, 101, 102, 104, 108, 116, 117, 119, 124, 184, 186, 202, 223, 283, 284, 285, 286, 289, 290, 291, 292, 294, 295, 296, 301, 302, 303, 304, 305, 306, 307, 308, 309, 310, 311, 312, 313, 314, 315, 316, 317, 318, 319, 320, 321, 322, 323, 324, 325, 373, 375, 376, 377, 378, 379, 380, 381, 382, 383, 384, 385, 386, 387, 388, 389, 395, 400, 401, 403, 404, 408, 425, 426, 427, 428, 429, 431, 432, 434, 436, 437, 438, 444, 445, 446, 447, 452, 453, 454
